Pastel
222 129 107
247 254 209
254 203 203
203 152 254
141 166 232
137 217 177
207 241 209
219 190 254
102 179 163
249 147 141
254 177 102

Green
223 238 223
204 228 207
179 214 185
162 199 174
138 183 155
128 178 147
126 169 137
114 169 129
114 161 108
97 147 100
111 159 92

Pink
240 216 232
223 187 216 
206 158 200
189 129 183
172 100 167
178 92 159
193 98 159
208 105 159
223 111 159
239 117 160
249 123 162

Orange
239 234 214
235 221 197
236 225 169
236 217 141
243 189 100
229 194 122
223 171 104
227 157 90
213 137 82
223 125 100
240 160 107

Multicolor
255 247 138
255 227 130
255 196 126
255 173 132
255 128 128
205 250 213
182 255 250
152 228 255
128 179 255
104 126 255
126 170 146